0
0
0
0
1
2
3
5
5
5
6
7
9
9
9
9
10
13
14
15
16
17
17
17
18
18
18
19
20
20
20
20
21
21
21
21
22
23
23
23
24
24
24
25
27
28
29
29
29
31
32
33
34
35
37
37
38
38
38
39
39
39
39
40
42
42
42
42
42
43
44
44
44
45
45
45
45
45
45
46
46
46
47
47
47
48
50
53
53
53
53
53
53
55
55
56
57
58
59
59
61
63
63
64
65
65
66
67
67
67
67
68
69
69
71
71
71
72
73
74
75
76
76
76
76
76
77
79
79
79
80
81
81
81
83
84
85
85
85
85
85
85
85
85
85
87
88
90
90
90
90
93
93
93
93
94
94
95
96
97
98
99
100
101
102
104
106
108
110
111
112
113
114
115
115
115
116
116
117
118
119
121
122
122
122
122
123
123
123
124
124
124
126
128
130
134
135
138
139
140
140
140
140
142
144
145
146
146
146
147
149
151
151
152
152
153
153
153
153
154
155
155
156
156
156
157
158
160
161
161
161
161
163
165
166
167
167
167
167
169
170
171
172
172
175
175
175
175
175
175
175
177
179
179
179
180
180
180
180
180
180
181
181
181
182
182
183
184
186
188
188
190
192
193
195
195
196
197
198
198
199
200
200
200
201
201
201
202
202
203
203
204
204
206
208
209
209
209
210
210
211
211
211
212
213
213
213
213
214
214
214
214
214
214
216
219
220
222
222
222
223
223
223
223
223
225
226
227
229
229
229
230
231
232
234
235
235
235
235
235
235
235
236
236
236
237
238
238
239
239
240
241
241
242
242
242
243
243
243
244
245
245
246
246
246
246
248
248
249
249
249
249
250
252
253
254
255
256
257
257
259
260
260
261
261
261
261
261
261
261
261
262
262
264
264
266
266
266
267
268
270
270
271
271
273
274
276
278
279
281
282
282
282
283
284
286
286
286
287
287
287
289
289
289
291
293
293
295
295
297
297
297
298
298
299
300
301
302
302
303
305
307
308
308
308
308
309
310
311
312
313
314
315
315
315
316
316
317
318
318
318
320
320
321
321
322
322
322
322
322
322
322
324
324
325
325
325
325
326
328
329
329
330
331
333
334
334
334
334
334
335
335
335
335
336
337
338
339
339
341
341
342
342
343
343
345
345
345
345
346
348
351
352
352
352
352
353
353
353
353
353
354
355
357
358
361
361
361
362
365
365
365
367
367
367
368
369
370
370
372
374
377
378
378
379
379
382
384
384
385
385
386
386
386
386
387
389
392
394
394
395
396
397
397
397
399
400
400
400
401
401
401
403
404
404
405
406
406
406
407
408
408
409
409
410
412
413
414
415
415
415
415
415
416
418
418
420
421
422
422
422
423
423
425
427
427
428
428
428
429
429
430
430
431
433
435
436
437
438
439
440
440
441
441
441
442
442
443
445
445
447
447
448
450
450
452
452
452
452
452
453
453
453
453
453
456
458
459
459
459
459
459
460
460
461
462
462
462
464
465
466
466
466
467
467
467
468
468
470
470
471
471
471
472
472
473
473
473
473
473
473
474
475
476
476
477
477
478
480
482
483
483
483
484
485
486
486
486
487
488
489
490
493
494
494
494
495
496
497
500
501
501
501
501
502
503
503
503
503
504
504
504
506
506
506
507
507
507
508
508
509
509
509
509
509
509
509
510
511
513
514
514
516
516
517
518
518
519
520
520
521
523
524
524
525
525
526
527
527
528
529
530
530
530
530
531
531
531
532
533
533
533
534
536
537
538
538
538
539
540
541
541
542
543
544
545
545
545
545
546
546
546
548
548
548
548
548
548
548
548
550
552
554
555
555
556
556
556
557
559
559
560
561
561
561
562
563
564
565
566
568
568
568
568
568
568
568
570
571
572
572
573
574
575
575
576
577
578
578
579
579
579
579
580
581
581
582
582
582
584
584
585
586
587
588
588
589
589
591
591
592
592
594
595
596
596
596
596
597
598
599
600
601
601
602
604
604
605
606
607
607
607
608
608
609
609
609
609
611
612
613
614
615
616
616
618
619
620
621
624
624
624
624
624
626
626
626
627
630
630
631
631
631
632
632
633
634
634
634
635
637
638
639
639
640
641
642
642
643
644
645
646
648
649
650
650
651
652
652
654
654
655
655
657
658
658
658
658
660
661
662
664
665
666
666
666
667
667
668
668
668
670
671
672
673
673
674
674
675
676
676
676
677
678
678
679
679
680
681
681
681
683
684
684
684
685
686
686
687
690
691
692
695
697
697
697
698
700
701
701
703
704
704
705
705
707
707
707
707
708
708
709
710
712
714
716
716
717
718
719
720
720
720
721
721
723
724
725
725
726
726
726
727
728
728
729
731
733
734
735
736
736
737
738
738
738
739
742
745
745
745
746
747
749
749
749
749
752
752
753
753
754
754
754
755
756
756
756
756
756
757
758
758
758
760
762
765
766
766
767
768
769
770
770
771
772
774
775
777
778
779
779
779
779
780
780
783
783
783
784
784
785
785
785
785
785
786
786
787
787
788
788
789
790
790
791
792
793
793
793
793
793
793
793
794
794
795
795
795
795
795
795
795
796
796
796
797
798
798
800
801
802
803
804
805
805
805
806
806
806
806
807
807
807
807
807
807
808
810
811
813
816
818
819
820
823
824
824
825
825
827
829
830
830
831
831
831
832
832
832
834
835
835
837
839
839
839
840
840
840
840
840
840
841
842
843
844
845
846
846
846
848
849
851
853
853
855
856
857
858
859
861
863
863
865
865
865
866
870
871
872
873
874
875
877
877
877
878
878
880
880
880
880
880
880
880
881
881
881
882
882
882
882
882
885
885
885
885
885
886
886
886
886
886
886
886
886
887
890
891
892
893
893
893
893
894
895
896
896
897
897
897
898
899
899
899
899
900
900
900
900
900
901
901
902
902
902
903
903
905
906
906
907
907
907
907
908
908
908
909
909
910
912
912
914
915
915
915
915
917
917
918
918
920
920
922
923
923
923
924
924
924
925
925
926
926
926
926
928
929
929
929
931
931
931
931
931
931
931
933
935
937
938
938
939
940
941
943
944
945
945
945
947
948
949
950
950
951
952
952
952
952
953
954
956
956
958
959
959
960
960
961
961
961
961
962
962
964
964
966
966
970
973
973
973
974
974
974
974
974
974
975
975
977
979
981
982
982
982
982
983
983
983
983
984
984
984
985
986
987
988
990
990
990
990
991
992
993
994
995
995
995
995
995
995
996
997
998
1000
1001
1001
1003
1004
1004
1005
1005
1005
1005
1005
1005
1005
1007
1008
1009
1009
1009
1009
1009
1009
1010
1011
1011
1012
1013
1013
1014
1015
1016
1017
1018
1019
1021
1022
1023
1024
1024
1024
1025
1025
1026
1027
1027
1028
1028
1028
1029
1030
1030
1030
1032
1033
1034
1037
1039
1040
1041
1041
1041
1042
1042
1043
1043
1044
1046
1046
1047
1047
1047
1048
1048
1048
1050
1050
1052
1052
1054
1054
1054
1054
1054
1055
1055
1056
1057
1057
1058
1059
1059
1060
1061
1061
1063
1063
1064
1064
1064
1064
1064
1064
1065
1065
1065
1066
1067
1069
1070
1072
1072
1073
1073
1073
1073
1073
1073
1073
1073
1074
1074
1075
1075
1076
1077
1079
1079
1080
1081
1081
1081
1082
1082
1082
1082
1082
1082
1082
1083
1083
1084
1086
1088
1089
1092
1092
1092
1092
1092
1092
1092
1092
1093
1093
1093
1094
1094
1094
1095
1096
1096
1096
1096
1096
1097
1097
1098
1098
1099
1100
1101
1101
1101
1101
1101
1102
1104
1105
1105
1106
1108
1108
1108
1108
1108
1109
1111
1111
1112
1112
1112
1112
1114
1115
1115
1116
1117
1119
1120
1120
1120
1122
1122
1123
1125
1125
1125
1126
1126
1127
1127
1127
1129
1129
1130
1131
1131
1131
1131
1132
1134
1134
1135
1135
1135
1136
1137
1137
1137
1138
1139
1140
1140
1142
1143
1143
1143
1143
1143
1144
1145
1146
1146
1147
1147
1148
1148
1148
1149
1149
1149
1149
1150
1150
1151
1151
1151
1152
1152
1153
1153
1153
1155
1157
1159
1161
1162
1162
1162
1162
1163
1165
1166
1166
1167
1167
1167
1168
1168
1168
1168
1169
1171
1171
1171
1171
1171
1173
1173
1173
1174
1174
1174
1174
1175
1175
1176
1176
1177
1178
1179
1180
1181
1183
1183
1184
1185
1186
1186
1187
1189
1190
1190
1191
1192
1192
1193
1193
1193
1193
1194
1194
1195
1196
1196
1197
1199
1199
1199
1199
1200
1200
1201
1203
1203
1203
1204
1204
1204
1204
1205
1206
1207
1209
1209
1209
1210
1211
1212
1214
1214
1214
1215
1216
1217
1218
1219
1219
1219
1221
1221
1221
1223
1224
1225
1226
1227
1227
1229
1229
1229
1229
1230
1231
1232
1232
1233
1233
1234
1235
1235
1235
1235
1236
1237
1238
1239
1240
1240
1241
1243
1243
1245
1246
1247
1250
1251
1252
1252
1253
1255
1256
1256
1257
1258
1259
1260
1260
1262
1263
1265
1265
1268
1269
1270
1272
1272
1273
1275
1277
1278
1278
1278
1278
1279
1279
1279
1280
1280
1282
1285
1286
1287
1287
1288
1288
1289
1289
1290
1290
1290
1290
1290
1290
1290
1291
1291
1291
1291
1292
1292
1293
1294
1294
1296
1296
1296
1298
1300
1303
1305
1306
1307
1309
1309
1309
1310
1310
1310
1310
1310
1310
1310
1310
1312
1312
1312
1313
1314
1315
1315
1316
1318
1318
1318
1321
1321
1321
1322
1322
1323
1324
1324
1325
1325
1325
1325
1326
1326
1327
1330
1330
1330
1332
1333
1334
1336
1337
1337
1337
1339
1339
1340
1342
1344
1345
1345
1345
1346
1346
1346
1346
1347
1347
1347
1348
1350
1350
1350
1350
1351
1351
1352
1353
1354
1354
1354
1354
1354
1354
1354
1355
1355
1355
1356
1356
1358
1358
1359
1360
1360
1361
1361
1362
1363
1364
1366
1368
1369
1369
1370
1371
1371
1373
1373
1374
1374
1374
1376
1377
1377
1379
1380
1382
1382
1382
1383
1383
1383
1383
1384
1384
1384
1384
1384
1386
1387
1388
1388
1390
1391
1391
1391
1391
1392
1392
1392
1392
1393
1394
1394
1395
1395
1395
1395
1395
1395
1396
1398
1400
1404
1404
1405
1405
1407
1408
1408
1409
1409
1409
1412
1412
1413
1415
1416
1417
1418
1419
1421
1421
1422
1422
1422
1423
1423
1423
1424
1424
1425
1426
1427
1427
1427
1427
1427
1428
1428
1428
1428
1428
1428
1428
1429
1432
1432
1432
1433
1435
1436
1437
1439
1440
1441
1442
1442
1443
1444
1445
1445
1445
1446
1446
1446
1448
1449
1450
1451
1451
1451
1452
1452
1453
1453
1453
1454
1454
1454
1454
1454
1454
1454
1455
1456
1458
1458
1459
1460
1461
1462
1463
1463
1463
1463
1464
1465
1466
1466
1467
1468
1468
1469
1469
1469
1471
1471
1473
1474
1474
1474
1475
1477
1479
1479
1480
1481
1482
1482
1483
1486
1487
1487
1488
1489
1489
1489
1490
1493
1495
1495
1496
1496
1497
1497
1497
1498
1498
1498
1499
1500
1500
1501
1502
1504
1505
1506
1508
1509
1510
1511
1512
1512
1512
1512
1512
1513
1513
1514
1515
1516
1516
1517
1517
1517
1518
1518
1519
1519
1520
1520
1521
1522
1523
1524
1525
1525
1525
1525
1527
1527
1529
1530
1530
1531
1532
1533
1534
1535
1536
1537
1538
1539
1540
1541
1541
1542
1544
1544
1544
1545
1546
1546
1546
1547
1547
1548
1548
1548
1548
1548
1549
1549
1550
1552
1552
1553
1554
1555
1556
1558
1560
1560
1561
1561
1561
1563
1563
1563
1564
1565
1565
1566
1566
1567
1567
1568
1568
1570
1570
1571
1571
1571
1571
1572
1572
1574
1574
1574
1576
1578
1579
1580
1580
1580
1581
1582
1583
1584
1584
1584
1584
1584
1584
1584
1585
1586
1587
1588
1588
1589
1589
1590
1590
1590
1590
1590
1591
1593
1593
1593
1594
1595
1595
1595
1595
1596
1598
1599
1601
1601
1601
1602
1602
1603
1605
1605
1606
1608
1609
1609
1609
1609
1609
1609
1609
1611
1611
1612
1613
1613
1613
1613
1614
1614
1614
1614
1614
1614
1614
1615
1615
1615
1616
1618
1620
1621
1622
1622
1623
1623
1625
1626
1628
1629
1630
1631
1631
1632
1632
1633
1633
1634
1634
1634
1636
1636
1637
1637
1637
1637
1637
1638
1639
1640
1642
1644
1644
1644
1645
1646
1646
1646
1647
1647
1647
1648
1648
1649
1650
1652
1653
1655
1655
1655
1656
1657
1657
1658
1659
1659
1660
1660
1660
1661
1661
1663
1664
1665
1665
1665
1666
1667
1667
1668
1669
1669
1669
1669
1669
1669
1670
1670
1670
1670
1670
1670
1671
1671
1671
1671
1671
1671
1673
1674
1676
1678
1678
1679
1680
1680
1681
1682
1683
1683
1683
1683
1683
1684
1684
1685
1685
1685
1686
1686
1687
1688
1690
1691
1692
1694
1694
1695
1696
1696
1697
1698
1699
1700
1701
1701
1703
1705
1705
1705
1705
1706
1708
1712
1713
1714
1714
1714
1714
1715
1715
1715
1715
1715
1716
1718
1719
1719
1720
1721
1723
1724
1726
1726
1726
1726
1727
1728
1728
1728
1729
1729
1732
1734
1736
1737
1737
1737
1737
1737
1738
1740
1740
1741
1742
1744
1745
1747
1748
1748
1748
1748
1748
1749
1750
1750
1751
1751
1751
1751
1751
1751
1751
1752
1753
1753
1753
1753
1753
1754
1754
1754
1755
1755
1755
1755
1755
1755
1755
1755
1756
1757
1758
1758
1758
1760
1761
1761
1762
1762
1762
1762
1762
1763
1763
1764
1764
1765
1765
1766
1766
1766
1766
1768
1769
1770
1771
1772
1772
1772
1772
1772
1774
1775
1775
1775
1775
1775
1775
1776
1776
1776
1776
1777
1778
1779
1780
1780
1781
1781
1781
1781
1781
1783
1784
1784
1785
1785
1785
1785
1785
1786
1786
1787
1788
1788
1789
1791
1791
1791
1793
1794
1794
1796
1798
1799
1801
1802
1803
1803
1804
1805
1805
1806
1807
1807
1810
1810
1812
1815
1815
1815
1816
1818
1819
1820
1822
1822
1824
1826
1828
1829
1831
1831
1832
1833
1834
1837
1838
1840
1840
1840
1843
1845
1845
1847
1847
1848
1849
1849
1849
1851
1851
1851
1853
1854
1856
1856
1856
1857
1857
1858
1859
1859
1859
1859
1860
1861
1862
1863
1864
1866
1866
1866
1867
1867
1868
1869
1870
1870
1870
1872
1872
1874
1875
1875
1875
1876
1877
1878
1879
1882
1883
1884
1886
1887
1887
1888
1888
1889
1891
1891
1891
1891
1891
1892
1892
1893
1894
1894
1894
1894
1894
1895
1895
1895
1897
1899
1903
1905
1909
1910
1910
1912
1913
1914
1914
1914
1915
1915
1915
1915
1915
1916
1917
1917
1917
1919
1921
1922
1922
1922
1923
1924
1924
1925
1926
1927
1928
1929
1930
1931
1931
1932
1933
1934
1935
1936
1936
1936
1936
1937
1937
1938
1939
1940
1940
1941
1942
1943
1943
1944
1944
1944
1944
1945
1946
1946
1946
1946
1947
1948
1951
1951
1952
1953
1953
1953
1954
1955
1956
1956
1956
1956
1957
1958
1960
1961
1962
1963
1964
1965
1965
1968
1971
1972
1972
1972
1973
1974
1976
1976
1976
1977
1978
1980
1982
1983
1984
1986
1986
1988
1989
1989
1989
1990
1990
1991
1991
1992
1992
1993
1994
1994
1995
1996
1996
1996
1997
1998
1998
1999
2000
2001
2003
2004
2005
2006
2006
2007
2007
2008
2010
2012
2012
2013
2015
2015
2016
2016
2018
2018
2020
2021
2021
2021
2022
2022
2022
2022
2023
2024
2025
2026
2028
2029
2030
2030
2030
2031
2031
2031
2031
2032
2032
2033
2034
2034
2034
2037
2038
2039
2041
2042
2043
2043
2044
2046
2046
2046
2047
2049
2050
2050
2051
2052
2052
2052
2052
2053
2053
2053
2054
2055
2055
2055
2055
2055
2056
2056
2056
2056
2058
2059
2059
2059
2061
2061
2062
2064
2064
2065
2066
2067
2067
2070
2071
2071
2073
2074
2075
2076
2076
2076
2076
2076
2076
2077
2077
2077
2078
2078
2079
2080
2080
2080
2081
2082
2084
2084
2084
2084
2084
2085
2086
2086
2087
2089
2090
2090
2091
2091
2093
2093
2093
2094
2094
2095
2096
2096
2096
2096
2096
2096
2097
2097
2098
2099
2100
2101
2101
2104
2105
2106
2107
2108
2108
2108
2109
2109
2109
2109
2109
2110
2110
2110
2111
2112
2114
2114
2114
2114
2114
2114
2115
2115
2116
2116
2116
2117
2118
2119
2120
2121
2124
2124
2125
2125
2125
2125
2126
2127
2129
2131
2132
2134
2135
2135
2136
2136
2136
2136
2138
2138
2138
2139
2140
2141
2141
2142
2142
2143
2143
2143
2143
2143
2144
2145
2146
2146
2147
2149
2150
2150
2151
2152
2152
2154
2155
2155
2156
2158
2160
2161
2163
2163
2163
2164
2164
2165
2166
2166
2167
2169
2169
2169
2169
2170
2171
2173
2174
2175
2177
2177
2177
2179
2180
2181
2183
2184
2184
2184
2185
2186
2187
2188
2189
2189
2189
2189
2189
2189
2190
2191
2192
2194
2195
2195
2197
2199
2201
2202
2202
2203
2204
2205
2205
2206
2206
2207
2208
2209
2210
2210
2211
2211
2212
2214
2216
2216
2217
2218
2220
2221
2221
2221
2222
2224
2224
2225
2226
2226
2227
2229
2230
2231
2231
2231
2232
2232
2233
2233
2233
2234
2234
2235
2236
2236
2236
2237
2238
2239
2240
2241
2242
2243
2243
2243
2244
2244
2245
2246
2246
2246
2246
2248
2249
2250
2250
2251
2252
2253
2255
2257
2258
2259
2260
2262
2262
2262
2262
2262
2262
2263
2263
2264
2265
2266
2268
2268
2268
2268
2268
2269
2269
2270
2271
2271
2272
2272
2272
2272
2274
2274
2274
2274
2274
2275
2276
2277
2279
2280
2281
2281
2282
2282
2282
2283
2284
2285
2285
2288
2289
2289
2289
2289
2290
2292
2292
2293
2294
2295
2297
2300
2301
2302
2303
2304
2304
2304
2305
2307
2307
2308
2309
2310
2310
2311
2311
2312
2312
2314
2314
2315
2316
2317
2317
2318
2319
2320
2320
2320
2321
2323
2324
2324
2324
2324
2324
2326
2329
2329
2329
2329
2330
2330
2331
2331
2331
2331
2331
2332
2333
2335
2335
2336
2337
2338
2338
2338
2339
2339
2339
2340
2341
2341
2342
2343
2343
2343
2343
2343
2345
2346
2348
2349
2349
2350
2351
2352
2353
2353
2354
2354
2354
2355
2356
2357
2358
2358
2358
2359
2359
2359
2360
2362
2362
2362
2363
2363
2363
2363
2363
2365
2365
2366
2367
2368
2368
2369
2370
2370
2370
2371
2371
2372
2373
2373
2373
2373
2373
2376
2376
2377
2377
2377
2377
2377
2377
2378
2379
2379
2379
2379
2379
2380
2383
2383
2384
2385
2387
2388
2388
2388
2389
2391
2392
2392
2392
2393
2394
2395
2396
2397
2399
2400
2402
2402
2403
2403
2404
2404
2404
2405
2405
2408
2410
2411
2413
2415
2418
2419
2419
2420
2420
2420
2421
2422
2422
2423
2424
2424
2424
2424
2424
2425
2425
2426
2426
2427
2427
2427
2428
2429
2429
2429
2430
2432
2434
2435
2436
2436
2437
2437
2439
2440
2440
2441
2442
2443
2443
2443
2443
2445
2447
2448
2449
2449
2450
2452
2453
2453
2453
2453
2454
2454
2455
2456
2457
2458
2458
2458
2459
2460
2461
2462
2462
2463
2464
2465
2467
2467
2468
2469
2470
2473
2473
2473
2475
2475
2477
2477
2478
2480
2480
2481
2481
2482
2482
2483
2483
2484
2484
2484
2484
2485
2485
2485
2486
2486
2486
2487
2488
2488
2488
2488
2489
2489
2489
2490
2491
2491
2491
2491
2491
2491
2492
2492
2492
2492
2492
2493
2494
2494
2494
2494
2494
2496
2496
2496
2496
2496
2497
2498
2499
2500
2502
2505
2507
2507
2508
2508
2508
2508
2508
2509
2510
2511
2512
2513
2515
2517
2517
2518
2519
2520
2521
2522
2523
2524
2524
2524
2525
2525
2526
2527
2527
2528
2530
2530
2530
2530
2531
2531
2532
2533
2534
2534
2534
2535
2535
2535
2535
2535
2535
2535
2535
2535
2535
2535
2535
2536
2536
2537
2538
2539
2539
2540
2541
2541
2541
2541
2541
2542
